0.00 0.00
9.30 0.00
9.30 3.20
9.45 3.20
9.45 3.10
9.75 3.10
9.75 0.30
10.95 0.30
10.95 3.25
11.05 3.25
11.05 4.05
10.95 4.05
10.95 4.20
10.75 4.20
10.75 4.40
9.95 4.40
9.95 4.20
9.75 4.20
9.75 4.10
9.45 4.10
9.45 4.00
9.30 4.00
9.30 4.15
9.00 4.15
9.00 4.55
9.20 4.55
9.20 15.05
9.70 15.05
9.70 15.92
9.20 15.92
9.20 16.07
9.20 16.20
9.40 16.20
9.40 23.10
9.88 23.10
9.88 24.20
9.40 24.20
9.40 26.65
9.25 26.65
9.25 26.95
9.55 26.95
9.55 27.67
10.00 27.67
10.00 26.47
11.20 26.47
11.20 29.77
10.90 29.77
10.90 30.27
10.10 30.27
10.10 29.77
10.00 29.77
10.00 28.67
9.55 28.67
9.55 33.73
6.90 33.73
6.90 26.95
7.90 26.95
7.90 26.65
7.60 26.65
7.60 16.20
7.80 16.20
7.80 16.07
0.00 16.07
0.00 4.55
7.60 4.55
7.60 4.15
0.00 4.15